Programmer: Dominika Dergavko
CS1044 Project 5 Fall 2008

Precipitation report for Radford, VA during December, 1996
Error		Day		Line
1		NA
2		NA
3		NA
4		NA
5		NA
6		NA
7		NA
8		NA
9		NA
10		NA
11		NA
12		NA
13		NA
14		NA
15		NA
16		NA
17		NA
18		NA
19		NA
20		NA
21		NA
22		NA
23		NA
24		NA
25		NA
26		NA
27		NA
28		NA
29		NA
30		NA
31		NA

Minimum		Maximum		Average
0.00		0.00		0.00Invalid		75		3
1		NA
2		NA
3		NA
4		NA
5		NA
6		NA
7		NA
8		NA
9		NA
10		NA
11		NA
12		NA
13		NA
14		NA
15		NA
16		NA
17		NA
18		NA
19		NA
20		NA
21		NA
22		NA
23		NA
24		NA
25		NA
26		NA
27		NA
28		NA
29		NA
30		NA
31		NA

Minimum		Maximum		Average
0.00		0.00		0.00Invalid		43		4
1		NA
2		NA
3		NA
4		NA
5		NA
6		NA
7		NA
8		NA
9		NA
10		NA
11		NA
12		NA
13		4.39 ******************
14		NA
15		NA
16		NA
17		NA
18		NA
19		NA
20		NA
21		NA
22		NA
23		NA
24		NA
25		NA
26		NA
27		NA
28		NA
29		NA
30		NA
31		NA

Minimum		Maximum		Average
0.00		4.39		0.141		NA
2		NA
3		NA
4		NA
5		NA
6		NA
7		NA
8		NA
9		NA
10		NA
11		NA
12		NA
13		4.39 ******************
14		NA
15		NA
16		NA
17		NA
18		NA
19		NA
20		NA
21		NA
22		NA
23		NA
24		NA
25		NA
26		NA
27		NA
28		NA
29		9.56 ***************************************
30		NA
31		NA

Minimum		Maximum		Average
0.00		9.56		0.451		6.64 ***************************
2		NA
3		NA
4		NA
5		NA
6		NA
7		NA
8		NA
9		NA
10		NA
11		NA
12		NA
13		4.39 ******************
14		NA
15		NA
16		NA
17		NA
18		NA
19		NA
20		NA
21		NA
22		NA
23		NA
24		NA
25		NA
26		NA
27		NA
28		NA
29		9.56 ***************************************
30		NA
31		NA

Minimum		Maximum		Average
0.00		9.56		0.661		6.64 ***************************
2		NA
3		NA
4		NA
5		NA
6		NA
7		NA
8		NA
9		NA
10		NA
11		NA
12		NA
13		4.39 ******************
14		NA
15		NA
16		NA
17		NA
18		NA
19		NA
20		NA
21		NA
22		NA
23		NA
24		NA
25		NA
26		NA
27		0.00
28		NA
29		9.56 ***************************************
30		NA
31		NA

Minimum		Maximum		Average
0.00		9.56		0.661		6.64 ***************************
2		NA
3		NA
4		NA
5		NA
6		NA
7		NA
8		NA
9		NA
10		NA
11		NA
12		NA
13		4.39 ******************
14		4.71 *******************
15		NA
16		NA
17		NA
18		NA
19		NA
20		NA
21		NA
22		NA
23		NA
24		NA
25		NA
26		NA
27		0.00
28		NA
29		9.56 ***************************************
30		NA
31		NA

Minimum		Maximum		Average
0.00		9.56		0.821		6.64 ***************************
2		NA
3		NA
4		NA
5		NA
6		NA
7		NA
8		NA
9		NA
10		NA
11		NA
12		NA
13		4.39 ******************
14		4.71 *******************
15		9.88 ****************************************
16		NA
17		NA
18		NA
19		NA
20		NA
21		NA
22		NA
23		NA
24		NA
25		NA
26		NA
27		0.00
28		NA
29		9.56 ***************************************
30		NA
31		NA

Minimum		Maximum		Average
0.00		9.88		1.131		6.64 ***************************
2		NA
3		NA
4		NA
5		NA
6		NA
7		NA
8		NA
9		NA
10		NA
11		NA
12		NA
13		4.39 ******************
14		4.71 *******************
15		9.88 ****************************************
16		NA
17		NA
18		NA
19		NA
20		NA
21		NA
22		NA
23		NA
24		1.73 *******
25		NA
26		NA
27		0.00
28		NA
29		9.56 ***************************************
30		NA
31		NA

Minimum		Maximum		Average
0.00		9.88		1.191		6.64 ***************************
2		NA
3		NA
4		NA
5		NA
6		NA
7		NA
8		NA
9		NA
10		NA
11		NA
12		NA
13		4.39 ******************
14		4.71 *******************
15		9.88 ****************************************
16		NA
17		NA
18		NA
19		NA
20		NA
21		NA
22		NA
23		NA
24		1.73 *******
25		3.13 *************
26		NA
27		0.00
28		NA
29		9.56 ***************************************
30		NA
31		NA

Minimum		Maximum		Average
0.00		9.88		1.291		6.64 ***************************
2		NA
3		NA
4		1.57 *******
5		NA
6		NA
7		NA
8		NA
9		NA
10		NA
11		NA
12		NA
13		4.39 ******************
14		4.71 *******************
15		9.88 ****************************************
16		NA
17		NA
18		NA
19		NA
20		NA
21		NA
22		NA
23		NA
24		1.73 *******
25		3.13 *************
26		NA
27		0.00
28		NA
29		9.56 ***************************************
30		NA
31		NA

Minimum		Maximum		Average
0.00		9.88		1.341		6.64 ***************************
2		NA
3		NA
4		1.57 *******
5		NA
6		NA
7		NA
8		NA
9		NA
10		NA
11		NA
12		NA
13		4.39 ******************
14		4.71 *******************
15		9.88 ****************************************
16		3.83 ****************
17		NA
18		NA
19		NA
20		NA
21		NA
22		NA
23		NA
24		1.73 *******
25		3.13 *************
26		NA
27		0.00
28		NA
29		9.56 ***************************************
30		NA
31		NA

Minimum		Maximum		Average
0.00		9.88		1.471		6.64 ***************************
2		NA
3		NA
4		1.57 *******
5		NA
6		NA
7		NA
8		NA
9		NA
10		NA
11		NA
12		NA
13		4.39 ******************
14		4.71 *******************
15		9.88 ****************************************
16		3.83 ****************
17		NA
18		0.45 **
19		NA
20		NA
21		NA
22		NA
23		NA
24		1.73 *******
25		3.13 *************
26		NA
27		0.00
28		NA
29		9.56 ***************************************
30		NA
31		NA

Minimum		Maximum		Average
0.00		9.88		1.481		6.64 ***************************
2		NA
3		NA
4		1.57 *******
5		NA
6		NA
7		NA
8		NA
9		NA
10		NA
11		NA
12		NA
13		4.39 ******************
14		4.71 *******************
15		9.88 ****************************************
16		3.83 ****************
17		0.29 **
18		0.45 **
19		NA
20		NA
21		NA
22		NA
23		NA
24		1.73 *******
25		3.13 *************
26		NA
27		0.00
28		NA
29		9.56 ***************************************
30		NA
31		NA

Minimum		Maximum		Average
0.00		9.88		1.491		6.64 ***************************
2		NA
3		NA
4		1.57 *******
5		NA
6		NA
7		NA
8		NA
9		NA
10		NA
11		NA
12		6.03 *************************
13		4.39 ******************
14		4.71 *******************
15		9.88 ****************************************
16		3.83 ****************
17		0.29 **
18		0.45 **
19		NA
20		NA
21		NA
22		NA
23		NA
24		1.73 *******
25		3.13 *************
26		NA
27		0.00
28		NA
29		9.56 ***************************************
30		NA
31		NA

Minimum		Maximum		Average
0.00		9.88		1.68
